7 2
1
8
16
15
12
9
15
21
---
6 3
6
16
4
9
4
3
15
---
5 1
9
3
2
10
15
13
---
2 1
13
10
0
---
4 2
14
16
8
1
2
---
1 1
12
0
---
1 1
10
0
---
4 2
2
6
18
7
16
---
4 1
17
14
2
2
0
---
6 3
15
3
9
17
9
3
14
---
6 3
6
19
17
18
9
14
19
---
2 1
10
18
8
---
4 2
5
6
5
1
1
---
5 2
2
2
4
4
1
2
---
2 1
16
8
0
---
4 1
18
13
18
8
5
---
8 4
20
11
2
10
19
3
15
18
32
---
6 1
7
0
8
3
7
11
11
---
3 1
13
1
3
2
---
3 1
1
18
20
19
---
2 1
3
20
17
---
4 1
12
2
11
3
9
---
1 1
6
0
---
3 1
15
6
1
0
---
1 1
19
0
---
2 1
2
7
5
---
2 1
11
13
2
---
3 1
16
14
1
0
---
2 1
6
8
2
---
6 3
15
18
5
6
1
5
8
---
3 1
16
8
3
0
---
8 2
0
15
13
18
16
9
20
11
29
---
7 3
8
4
17
0
14
2
10
35
---
1 1
4
0
---
4 2
11
19
9
11
10
---
3 1
12
13
20
8
---
2 1
19
6
0
---
6 1
7
7
20
14
12
18
13
---
7 1
12
18
13
1
5
14
2
13
---
5 1
14
16
15
17
19
5
---
1 1
15
0
---
6 2
14
1
13
6
17
20
26
---
2 1
0
12
12
---
7 2
0
6
0
0
16
19
3
25
---
4 1
19
20
6
9
3
---
5 1
3
15
12
20
2
17
---
1 1
14
0
---
2 1
4
20
16
---
6 1
4
8
0
1
1
6
6
---
5 2
11
18
1
19
20
26
---
8 4
20
13
11
17
5
6
12
18
19
---
5 1
4
4
8
10
10
6
---
6 3
2
10
19
1
1
8
24
---
3 1
18
9
11
2
---
7 3
4
9
3
15
7
1
9
25
---
3 1
9
12
10
3
---
5 2
3
3
17
15
15
14
---
6 2
3
15
3
15
13
1
24
---
5 2
4
5
20
18
12
16
---
2 1
2
6
4
---
4 1
12
0
3
12
12
---
5 2
15
18
6
13
2
10
---
6 1
8
18
5
13
6
11
10
---
2 1
0
16
16
---
8 2
3
15
12
8
6
20
1
6
26
---
3 1
6
14
12
8
---
6 3
4
3
19
15
4
18
30
---
7 3
13
16
15
10
15
15
20
13
---
4 1
0
10
10
10
10
---
1 1
8
0
---
3 1
18
9
15
6
---
2 1
16
1
0
---
2 1
4
1
0
---
5 1
14
10
5
4
20
16
---
8 3
16
12
16
16
1
18
2
16
35
---
2 1
6
9
3
---
7 2
12
19
18
7
0
0
5
12
---
5 2
10
2
15
8
9
14
---
7 2
12
1
5
20
4
7
9
24
---
6 1
1
15
13
4
15
19
18
---
2 1
11
13
2
---
1 1
12
0
---
8 1
3
15
4
0
1
19
19
4
19
---
6 1
17
20
11
6
12
15
9
---
2 1
19
14
0
---
6 3
3
19
9
4
12
9
24
---
2 1
1
12
11
---
8 3
6
14
11
20
2
1
1
15
31
---
5 1
16
18
18
6
7
2
---
2 1
16
9
0
---
2 1
13
18
5
---
7 1
3
13
2
3
13
4
0
11
---
8 4
13
0
15
10
8
2
11
2
24
---
2 1
0
11
11
---
6 1
0
7
11
2
19
4
19
---
4 1
6
3
0
9
9
---
6 3
0
19
7
4
5
14
29
---
2 1
11
8
0
---
3 1
6
11
10
5
---
8 3
9
17
20
10
5
18
2
3
25