100
4 1 2
14 3 14
12 5 10
9 5 6
8 4 8
19 12 17
17 9 14
4 1 3
17 15 17
15 7 10
20 6 10
10 1 4
13 3 6
19 17 19
19 6 14
16 12 15
14 6 14
8 4 8
19 8 16
11 8 11
19 12 18
17 15 17
14 10 14
18 8 14
8 5 7
18 10 15
19 17 19
12 4 12
19 12 18
5 2 5
3 1 2
4 1 3
10 2 5
11 4 11
9 1 8
4 1 3
14 3 7
3 1 2
5 1 2
3 1 3
7 2 4
19 1 14
4 1 2
4 1 3
6 3 5
18 1 11
17 9 10
11 7 9
18 8 10
13 2 3
17 13 15
19 13 17
19 11 14
13 5 10
16 11 12
20 5 16
4 2 3
7 2 4
6 4 5
19 2 10
10 8 9
11 2 6
14 5 12
11 9 10
7 1 5
16 3 5
19 3 11
6 1 2
8 2 3
9 1 9
17 5 14
15 4 15
9 6 8
16 9 10
4 2 3
6 4 6
3 1 3
12 6 9
3 1 2
6 3 4
3 1 2
16 11 15
17 4 14
5 1 4
3 1 3
5 1 5
9 1 7
15 12 14
7 3 7
6 3 4
6 1 6
13 11 13
9 6 7
3 1 2
18 10 16
17 3 16
14 5 13
19 16 19
16 8 13
15 4 7
